{
 "metadata": {
  "name": ""
 },
 "nbformat": 3,
 "nbformat_minor": 0,
 "worksheets": [
  {
   "cells": [
    {
     "cell_type": "code",
     "collapsed": false,
     "input": [
      "import pandas as pd\n",
      "import numpy as np\n",
      "from glob import glob\n",
      "\n",
      "data_set_ids = ['88-soils', 'whole-body', 'moving-pictures']\n",
      "order = ['uc','ucr','ucrC','ucrss','ucrss_wfilter',\n",
      "         'uc_fast','ucr_fast','ucrC_fast','ucrss_fast','ucrss_fast_wfilter']"
     ],
     "language": "python",
     "metadata": {},
     "outputs": [],
     "prompt_number": 1
    },
    {
     "cell_type": "heading",
     "level": 2,
     "metadata": {},
     "source": [
      "Alpha diversity"
     ]
    },
    {
     "cell_type": "code",
     "collapsed": false,
     "input": [
      "adiv_fp_sets = [glob('%s-otus/*/adiv*txt' % id_) for id_ in data_set_ids]\n",
      "adiv_results = {}\n",
      "for data_set_id, adiv_fp_set in zip(data_set_ids, adiv_fp_sets):\n",
      "    df = None\n",
      "    for fp in adiv_fp_set:\n",
      "        run_id = fp.split('/')[1]\n",
      "        new_df = pd.DataFrame.from_csv(fp, sep='\\t')\n",
      "        new_df.columns = ['%s.%s' % (c.lower(), run_id) for c in new_df.columns]\n",
      "        if df is None:\n",
      "            df = new_df\n",
      "        else:\n",
      "            df = pd.merge(df, new_df,right_index=True,left_index=True)\n",
      "    for metric in ['pd', 'observed_species']:\n",
      "        id_ = (data_set_id,metric)\n",
      "        # this loc-based indexing seems clunky - there must be a better way to \n",
      "        # do this in pandas (basically, select all columns where the name contains\n",
      "        # a string)\n",
      "        corr_table = df.loc[:,[c for c in df.columns if metric in c]].corr()\n",
      "        # rename and re-order the rows and columns\n",
      "        corr_table.index = [c.split('.')[1] for c in corr_table.index]\n",
      "        corr_table.columns = [c.split('.')[1] for c in corr_table.columns]\n",
      "        corr_table = corr_table.reindex_axis(order,axis=0).reindex_axis(order,axis=1)\n",
      "        corr_table.to_csv('adiv-corr-tables/%s-%s.csv' % id_)\n",
      "        adiv_results[id_] = corr_table"
     ],
     "language": "python",
     "metadata": {},
     "outputs": [],
     "prompt_number": 44
    },
    {
     "cell_type": "code",
     "collapsed": false,
     "input": [
      "adiv_results[('88-soils', 'pd')]"
     ],
     "language": "python",
     "metadata": {},
     "outputs": [
      {
       "html": [
        "<div style=\"max-height:1000px;max-width:1500px;overflow:auto;\">\n",
        "<table border=\"1\" class=\"dataframe\">\n",
        "  <thead>\n",
        "    <tr style=\"text-align: right;\">\n",
        "      <th></th>\n",
        "      <th>uc</th>\n",
        "      <th>ucr</th>\n",
        "      <th>ucrC</th>\n",
        "      <th>ucrss</th>\n",
        "      <th>ucrss_wfilter</th>\n",
        "      <th>uc_fast</th>\n",
        "      <th>ucr_fast</th>\n",
        "      <th>ucrC_fast</th>\n",
        "      <th>ucrss_fast</th>\n",
        "      <th>ucrss_fast_wfilter</th>\n",
        "    </tr>\n",
        "  </thead>\n",
        "  <tbody>\n",
        "    <tr>\n",
        "      <th>uc</th>\n",
        "      <td> 1.000000</td>\n",
        "      <td> 0.950810</td>\n",
        "      <td> 0.932749</td>\n",
        "      <td> 0.933510</td>\n",
        "      <td> 0.952565</td>\n",
        "      <td> 0.955606</td>\n",
        "      <td> 0.936157</td>\n",
        "      <td> 0.926662</td>\n",
        "      <td> 0.947673</td>\n",
        "      <td> 0.946606</td>\n",
        "    </tr>\n",
        "    <tr>\n",
        "      <th>ucr</th>\n",
        "      <td> 0.950810</td>\n",
        "      <td> 1.000000</td>\n",
        "      <td> 0.902187</td>\n",
        "      <td> 0.930701</td>\n",
        "      <td> 0.930193</td>\n",
        "      <td> 0.945996</td>\n",
        "      <td> 0.940277</td>\n",
        "      <td> 0.903199</td>\n",
        "      <td> 0.952477</td>\n",
        "      <td> 0.943609</td>\n",
        "    </tr>\n",
        "    <tr>\n",
        "      <th>ucrC</th>\n",
        "      <td> 0.932749</td>\n",
        "      <td> 0.902187</td>\n",
        "      <td> 1.000000</td>\n",
        "      <td> 0.893631</td>\n",
        "      <td> 0.908745</td>\n",
        "      <td> 0.905111</td>\n",
        "      <td> 0.914053</td>\n",
        "      <td> 0.977595</td>\n",
        "      <td> 0.902405</td>\n",
        "      <td> 0.910766</td>\n",
        "    </tr>\n",
        "    <tr>\n",
        "      <th>ucrss</th>\n",
        "      <td> 0.933510</td>\n",
        "      <td> 0.930701</td>\n",
        "      <td> 0.893631</td>\n",
        "      <td> 1.000000</td>\n",
        "      <td> 0.929412</td>\n",
        "      <td> 0.944127</td>\n",
        "      <td> 0.935030</td>\n",
        "      <td> 0.893611</td>\n",
        "      <td> 0.947867</td>\n",
        "      <td> 0.948666</td>\n",
        "    </tr>\n",
        "    <tr>\n",
        "      <th>ucrss_wfilter</th>\n",
        "      <td> 0.952565</td>\n",
        "      <td> 0.930193</td>\n",
        "      <td> 0.908745</td>\n",
        "      <td> 0.929412</td>\n",
        "      <td> 1.000000</td>\n",
        "      <td> 0.951712</td>\n",
        "      <td> 0.933274</td>\n",
        "      <td> 0.902546</td>\n",
        "      <td> 0.930598</td>\n",
        "      <td> 0.943046</td>\n",
        "    </tr>\n",
        "    <tr>\n",
        "      <th>uc_fast</th>\n",
        "      <td> 0.955606</td>\n",
        "      <td> 0.945996</td>\n",
        "      <td> 0.905111</td>\n",
        "      <td> 0.944127</td>\n",
        "      <td> 0.951712</td>\n",
        "      <td> 1.000000</td>\n",
        "      <td> 0.952704</td>\n",
        "      <td> 0.898282</td>\n",
        "      <td> 0.956454</td>\n",
        "      <td> 0.960493</td>\n",
        "    </tr>\n",
        "    <tr>\n",
        "      <th>ucr_fast</th>\n",
        "      <td> 0.936157</td>\n",
        "      <td> 0.940277</td>\n",
        "      <td> 0.914053</td>\n",
        "      <td> 0.935030</td>\n",
        "      <td> 0.933274</td>\n",
        "      <td> 0.952704</td>\n",
        "      <td> 1.000000</td>\n",
        "      <td> 0.914263</td>\n",
        "      <td> 0.950392</td>\n",
        "      <td> 0.952351</td>\n",
        "    </tr>\n",
        "    <tr>\n",
        "      <th>ucrC_fast</th>\n",
        "      <td> 0.926662</td>\n",
        "      <td> 0.903199</td>\n",
        "      <td> 0.977595</td>\n",
        "      <td> 0.893611</td>\n",
        "      <td> 0.902546</td>\n",
        "      <td> 0.898282</td>\n",
        "      <td> 0.914263</td>\n",
        "      <td> 1.000000</td>\n",
        "      <td> 0.902216</td>\n",
        "      <td> 0.902507</td>\n",
        "    </tr>\n",
        "    <tr>\n",
        "      <th>ucrss_fast</th>\n",
        "      <td> 0.947673</td>\n",
        "      <td> 0.952477</td>\n",
        "      <td> 0.902405</td>\n",
        "      <td> 0.947867</td>\n",
        "      <td> 0.930598</td>\n",
        "      <td> 0.956454</td>\n",
        "      <td> 0.950392</td>\n",
        "      <td> 0.902216</td>\n",
        "      <td> 1.000000</td>\n",
        "      <td> 0.962338</td>\n",
        "    </tr>\n",
        "    <tr>\n",
        "      <th>ucrss_fast_wfilter</th>\n",
        "      <td> 0.946606</td>\n",
        "      <td> 0.943609</td>\n",
        "      <td> 0.910766</td>\n",
        "      <td> 0.948666</td>\n",
        "      <td> 0.943046</td>\n",
        "      <td> 0.960493</td>\n",
        "      <td> 0.952351</td>\n",
        "      <td> 0.902507</td>\n",
        "      <td> 0.962338</td>\n",
        "      <td> 1.000000</td>\n",
        "    </tr>\n",
        "  </tbody>\n",
        "</table>\n",
        "<p>10 rows \u00d7 10 columns</p>\n",
        "</div>"
       ],
       "metadata": {},
       "output_type": "pyout",
       "prompt_number": 46,
       "text": [
        "                          uc       ucr      ucrC     ucrss  ucrss_wfilter   uc_fast  ucr_fast  ucrC_fast  ucrss_fast  ucrss_fast_wfilter\n",
        "uc                  1.000000  0.950810  0.932749  0.933510       0.952565  0.955606  0.936157   0.926662    0.947673            0.946606\n",
        "ucr                 0.950810  1.000000  0.902187  0.930701       0.930193  0.945996  0.940277   0.903199    0.952477            0.943609\n",
        "ucrC                0.932749  0.902187  1.000000  0.893631       0.908745  0.905111  0.914053   0.977595    0.902405            0.910766\n",
        "ucrss               0.933510  0.930701  0.893631  1.000000       0.929412  0.944127  0.935030   0.893611    0.947867            0.948666\n",
        "ucrss_wfilter       0.952565  0.930193  0.908745  0.929412       1.000000  0.951712  0.933274   0.902546    0.930598            0.943046\n",
        "uc_fast             0.955606  0.945996  0.905111  0.944127       0.951712  1.000000  0.952704   0.898282    0.956454            0.960493\n",
        "ucr_fast            0.936157  0.940277  0.914053  0.935030       0.933274  0.952704  1.000000   0.914263    0.950392            0.952351\n",
        "ucrC_fast           0.926662  0.903199  0.977595  0.893611       0.902546  0.898282  0.914263   1.000000    0.902216            0.902507\n",
        "ucrss_fast          0.947673  0.952477  0.902405  0.947867       0.930598  0.956454  0.950392   0.902216    1.000000            0.962338\n",
        "ucrss_fast_wfilter  0.946606  0.943609  0.910766  0.948666       0.943046  0.960493  0.952351   0.902507    0.962338            1.000000\n",
        "\n",
        "[10 rows x 10 columns]"
       ]
      }
     ],
     "prompt_number": 46
    },
    {
     "cell_type": "code",
     "collapsed": false,
     "input": [
      "adiv_results[('moving-pictures', 'pd')]"
     ],
     "language": "python",
     "metadata": {},
     "outputs": [
      {
       "html": [
        "<div style=\"max-height:1000px;max-width:1500px;overflow:auto;\">\n",
        "<table border=\"1\" class=\"dataframe\">\n",
        "  <thead>\n",
        "    <tr style=\"text-align: right;\">\n",
        "      <th></th>\n",
        "      <th>uc</th>\n",
        "      <th>ucr</th>\n",
        "      <th>ucrC</th>\n",
        "      <th>ucrss</th>\n",
        "      <th>ucrss_wfilter</th>\n",
        "      <th>uc_fast</th>\n",
        "      <th>ucr_fast</th>\n",
        "      <th>ucrC_fast</th>\n",
        "      <th>ucrss_fast</th>\n",
        "      <th>ucrss_fast_wfilter</th>\n",
        "    </tr>\n",
        "  </thead>\n",
        "  <tbody>\n",
        "    <tr>\n",
        "      <th>uc</th>\n",
        "      <td> 1.000000</td>\n",
        "      <td> 0.995736</td>\n",
        "      <td> 0.992960</td>\n",
        "      <td> 0.995918</td>\n",
        "      <td> 0.995596</td>\n",
        "      <td> 0.994955</td>\n",
        "      <td> 0.995661</td>\n",
        "      <td> 0.992341</td>\n",
        "      <td> 0.995695</td>\n",
        "      <td> 0.995864</td>\n",
        "    </tr>\n",
        "    <tr>\n",
        "      <th>ucr</th>\n",
        "      <td> 0.995736</td>\n",
        "      <td> 1.000000</td>\n",
        "      <td> 0.992644</td>\n",
        "      <td> 0.996527</td>\n",
        "      <td> 0.997235</td>\n",
        "      <td> 0.995112</td>\n",
        "      <td> 0.995891</td>\n",
        "      <td> 0.992371</td>\n",
        "      <td> 0.995859</td>\n",
        "      <td> 0.996714</td>\n",
        "    </tr>\n",
        "    <tr>\n",
        "      <th>ucrC</th>\n",
        "      <td> 0.992960</td>\n",
        "      <td> 0.992644</td>\n",
        "      <td> 1.000000</td>\n",
        "      <td> 0.994053</td>\n",
        "      <td> 0.991472</td>\n",
        "      <td> 0.994132</td>\n",
        "      <td> 0.993919</td>\n",
        "      <td> 0.997675</td>\n",
        "      <td> 0.994638</td>\n",
        "      <td> 0.994202</td>\n",
        "    </tr>\n",
        "    <tr>\n",
        "      <th>ucrss</th>\n",
        "      <td> 0.995918</td>\n",
        "      <td> 0.996527</td>\n",
        "      <td> 0.994053</td>\n",
        "      <td> 1.000000</td>\n",
        "      <td> 0.996130</td>\n",
        "      <td> 0.996035</td>\n",
        "      <td> 0.996789</td>\n",
        "      <td> 0.993736</td>\n",
        "      <td> 0.996859</td>\n",
        "      <td> 0.997034</td>\n",
        "    </tr>\n",
        "    <tr>\n",
        "      <th>ucrss_wfilter</th>\n",
        "      <td> 0.995596</td>\n",
        "      <td> 0.997235</td>\n",
        "      <td> 0.991472</td>\n",
        "      <td> 0.996130</td>\n",
        "      <td> 1.000000</td>\n",
        "      <td> 0.994251</td>\n",
        "      <td> 0.995429</td>\n",
        "      <td> 0.991241</td>\n",
        "      <td> 0.995604</td>\n",
        "      <td> 0.996436</td>\n",
        "    </tr>\n",
        "    <tr>\n",
        "      <th>uc_fast</th>\n",
        "      <td> 0.994955</td>\n",
        "      <td> 0.995112</td>\n",
        "      <td> 0.994132</td>\n",
        "      <td> 0.996035</td>\n",
        "      <td> 0.994251</td>\n",
        "      <td> 1.000000</td>\n",
        "      <td> 0.996530</td>\n",
        "      <td> 0.994057</td>\n",
        "      <td> 0.996510</td>\n",
        "      <td> 0.996299</td>\n",
        "    </tr>\n",
        "    <tr>\n",
        "      <th>ucr_fast</th>\n",
        "      <td> 0.995661</td>\n",
        "      <td> 0.995891</td>\n",
        "      <td> 0.993919</td>\n",
        "      <td> 0.996789</td>\n",
        "      <td> 0.995429</td>\n",
        "      <td> 0.996530</td>\n",
        "      <td> 1.000000</td>\n",
        "      <td> 0.993591</td>\n",
        "      <td> 0.996812</td>\n",
        "      <td> 0.996927</td>\n",
        "    </tr>\n",
        "    <tr>\n",
        "      <th>ucrC_fast</th>\n",
        "      <td> 0.992341</td>\n",
        "      <td> 0.992371</td>\n",
        "      <td> 0.997675</td>\n",
        "      <td> 0.993736</td>\n",
        "      <td> 0.991241</td>\n",
        "      <td> 0.994057</td>\n",
        "      <td> 0.993591</td>\n",
        "      <td> 1.000000</td>\n",
        "      <td> 0.994279</td>\n",
        "      <td> 0.993998</td>\n",
        "    </tr>\n",
        "    <tr>\n",
        "      <th>ucrss_fast</th>\n",
        "      <td> 0.995695</td>\n",
        "      <td> 0.995859</td>\n",
        "      <td> 0.994638</td>\n",
        "      <td> 0.996859</td>\n",
        "      <td> 0.995604</td>\n",
        "      <td> 0.996510</td>\n",
        "      <td> 0.996812</td>\n",
        "      <td> 0.994279</td>\n",
        "      <td> 1.000000</td>\n",
        "      <td> 0.996822</td>\n",
        "    </tr>\n",
        "    <tr>\n",
        "      <th>ucrss_fast_wfilter</th>\n",
        "      <td> 0.995864</td>\n",
        "      <td> 0.996714</td>\n",
        "      <td> 0.994202</td>\n",
        "      <td> 0.997034</td>\n",
        "      <td> 0.996436</td>\n",
        "      <td> 0.996299</td>\n",
        "      <td> 0.996927</td>\n",
        "      <td> 0.993998</td>\n",
        "      <td> 0.996822</td>\n",
        "      <td> 1.000000</td>\n",
        "    </tr>\n",
        "  </tbody>\n",
        "</table>\n",
        "<p>10 rows \u00d7 10 columns</p>\n",
        "</div>"
       ],
       "metadata": {},
       "output_type": "pyout",
       "prompt_number": 47,
       "text": [
        "                          uc       ucr      ucrC     ucrss  ucrss_wfilter   uc_fast  ucr_fast  ucrC_fast  ucrss_fast  ucrss_fast_wfilter\n",
        "uc                  1.000000  0.995736  0.992960  0.995918       0.995596  0.994955  0.995661   0.992341    0.995695            0.995864\n",
        "ucr                 0.995736  1.000000  0.992644  0.996527       0.997235  0.995112  0.995891   0.992371    0.995859            0.996714\n",
        "ucrC                0.992960  0.992644  1.000000  0.994053       0.991472  0.994132  0.993919   0.997675    0.994638            0.994202\n",
        "ucrss               0.995918  0.996527  0.994053  1.000000       0.996130  0.996035  0.996789   0.993736    0.996859            0.997034\n",
        "ucrss_wfilter       0.995596  0.997235  0.991472  0.996130       1.000000  0.994251  0.995429   0.991241    0.995604            0.996436\n",
        "uc_fast             0.994955  0.995112  0.994132  0.996035       0.994251  1.000000  0.996530   0.994057    0.996510            0.996299\n",
        "ucr_fast            0.995661  0.995891  0.993919  0.996789       0.995429  0.996530  1.000000   0.993591    0.996812            0.996927\n",
        "ucrC_fast           0.992341  0.992371  0.997675  0.993736       0.991241  0.994057  0.993591   1.000000    0.994279            0.993998\n",
        "ucrss_fast          0.995695  0.995859  0.994638  0.996859       0.995604  0.996510  0.996812   0.994279    1.000000            0.996822\n",
        "ucrss_fast_wfilter  0.995864  0.996714  0.994202  0.997034       0.996436  0.996299  0.996927   0.993998    0.996822            1.000000\n",
        "\n",
        "[10 rows x 10 columns]"
       ]
      }
     ],
     "prompt_number": 47
    },
    {
     "cell_type": "code",
     "collapsed": false,
     "input": [
      "adiv_results[('whole-body', 'pd')]"
     ],
     "language": "python",
     "metadata": {},
     "outputs": [
      {
       "html": [
        "<div style=\"max-height:1000px;max-width:1500px;overflow:auto;\">\n",
        "<table border=\"1\" class=\"dataframe\">\n",
        "  <thead>\n",
        "    <tr style=\"text-align: right;\">\n",
        "      <th></th>\n",
        "      <th>uc</th>\n",
        "      <th>ucr</th>\n",
        "      <th>ucrC</th>\n",
        "      <th>ucrss</th>\n",
        "      <th>ucrss_wfilter</th>\n",
        "      <th>uc_fast</th>\n",
        "      <th>ucr_fast</th>\n",
        "      <th>ucrC_fast</th>\n",
        "      <th>ucrss_fast</th>\n",
        "      <th>ucrss_fast_wfilter</th>\n",
        "    </tr>\n",
        "  </thead>\n",
        "  <tbody>\n",
        "    <tr>\n",
        "      <th>uc</th>\n",
        "      <td> 1.000000</td>\n",
        "      <td> 0.985137</td>\n",
        "      <td> 0.957040</td>\n",
        "      <td> 0.984981</td>\n",
        "      <td> 0.984775</td>\n",
        "      <td> 0.984090</td>\n",
        "      <td> 0.985665</td>\n",
        "      <td> 0.961456</td>\n",
        "      <td> 0.982975</td>\n",
        "      <td> 0.984321</td>\n",
        "    </tr>\n",
        "    <tr>\n",
        "      <th>ucr</th>\n",
        "      <td> 0.985137</td>\n",
        "      <td> 1.000000</td>\n",
        "      <td> 0.955564</td>\n",
        "      <td> 0.989950</td>\n",
        "      <td> 0.988868</td>\n",
        "      <td> 0.987748</td>\n",
        "      <td> 0.987070</td>\n",
        "      <td> 0.959910</td>\n",
        "      <td> 0.987496</td>\n",
        "      <td> 0.985933</td>\n",
        "    </tr>\n",
        "    <tr>\n",
        "      <th>ucrC</th>\n",
        "      <td> 0.957040</td>\n",
        "      <td> 0.955564</td>\n",
        "      <td> 1.000000</td>\n",
        "      <td> 0.961397</td>\n",
        "      <td> 0.958381</td>\n",
        "      <td> 0.958510</td>\n",
        "      <td> 0.960640</td>\n",
        "      <td> 0.990411</td>\n",
        "      <td> 0.952869</td>\n",
        "      <td> 0.961033</td>\n",
        "    </tr>\n",
        "    <tr>\n",
        "      <th>ucrss</th>\n",
        "      <td> 0.984981</td>\n",
        "      <td> 0.989950</td>\n",
        "      <td> 0.961397</td>\n",
        "      <td> 1.000000</td>\n",
        "      <td> 0.990865</td>\n",
        "      <td> 0.987546</td>\n",
        "      <td> 0.989638</td>\n",
        "      <td> 0.964492</td>\n",
        "      <td> 0.989253</td>\n",
        "      <td> 0.987182</td>\n",
        "    </tr>\n",
        "    <tr>\n",
        "      <th>ucrss_wfilter</th>\n",
        "      <td> 0.984775</td>\n",
        "      <td> 0.988868</td>\n",
        "      <td> 0.958381</td>\n",
        "      <td> 0.990865</td>\n",
        "      <td> 1.000000</td>\n",
        "      <td> 0.985185</td>\n",
        "      <td> 0.988750</td>\n",
        "      <td> 0.963320</td>\n",
        "      <td> 0.987431</td>\n",
        "      <td> 0.984912</td>\n",
        "    </tr>\n",
        "    <tr>\n",
        "      <th>uc_fast</th>\n",
        "      <td> 0.984090</td>\n",
        "      <td> 0.987748</td>\n",
        "      <td> 0.958510</td>\n",
        "      <td> 0.987546</td>\n",
        "      <td> 0.985185</td>\n",
        "      <td> 1.000000</td>\n",
        "      <td> 0.986204</td>\n",
        "      <td> 0.960893</td>\n",
        "      <td> 0.986490</td>\n",
        "      <td> 0.985077</td>\n",
        "    </tr>\n",
        "    <tr>\n",
        "      <th>ucr_fast</th>\n",
        "      <td> 0.985665</td>\n",
        "      <td> 0.987070</td>\n",
        "      <td> 0.960640</td>\n",
        "      <td> 0.989638</td>\n",
        "      <td> 0.988750</td>\n",
        "      <td> 0.986204</td>\n",
        "      <td> 1.000000</td>\n",
        "      <td> 0.964924</td>\n",
        "      <td> 0.987977</td>\n",
        "      <td> 0.988788</td>\n",
        "    </tr>\n",
        "    <tr>\n",
        "      <th>ucrC_fast</th>\n",
        "      <td> 0.961456</td>\n",
        "      <td> 0.959910</td>\n",
        "      <td> 0.990411</td>\n",
        "      <td> 0.964492</td>\n",
        "      <td> 0.963320</td>\n",
        "      <td> 0.960893</td>\n",
        "      <td> 0.964924</td>\n",
        "      <td> 1.000000</td>\n",
        "      <td> 0.957054</td>\n",
        "      <td> 0.965236</td>\n",
        "    </tr>\n",
        "    <tr>\n",
        "      <th>ucrss_fast</th>\n",
        "      <td> 0.982975</td>\n",
        "      <td> 0.987496</td>\n",
        "      <td> 0.952869</td>\n",
        "      <td> 0.989253</td>\n",
        "      <td> 0.987431</td>\n",
        "      <td> 0.986490</td>\n",
        "      <td> 0.987977</td>\n",
        "      <td> 0.957054</td>\n",
        "      <td> 1.000000</td>\n",
        "      <td> 0.986223</td>\n",
        "    </tr>\n",
        "    <tr>\n",
        "      <th>ucrss_fast_wfilter</th>\n",
        "      <td> 0.984321</td>\n",
        "      <td> 0.985933</td>\n",
        "      <td> 0.961033</td>\n",
        "      <td> 0.987182</td>\n",
        "      <td> 0.984912</td>\n",
        "      <td> 0.985077</td>\n",
        "      <td> 0.988788</td>\n",
        "      <td> 0.965236</td>\n",
        "      <td> 0.986223</td>\n",
        "      <td> 1.000000</td>\n",
        "    </tr>\n",
        "  </tbody>\n",
        "</table>\n",
        "<p>10 rows \u00d7 10 columns</p>\n",
        "</div>"
       ],
       "metadata": {},
       "output_type": "pyout",
       "prompt_number": 48,
       "text": [
        "                          uc       ucr      ucrC     ucrss  ucrss_wfilter   uc_fast  ucr_fast  ucrC_fast  ucrss_fast  ucrss_fast_wfilter\n",
        "uc                  1.000000  0.985137  0.957040  0.984981       0.984775  0.984090  0.985665   0.961456    0.982975            0.984321\n",
        "ucr                 0.985137  1.000000  0.955564  0.989950       0.988868  0.987748  0.987070   0.959910    0.987496            0.985933\n",
        "ucrC                0.957040  0.955564  1.000000  0.961397       0.958381  0.958510  0.960640   0.990411    0.952869            0.961033\n",
        "ucrss               0.984981  0.989950  0.961397  1.000000       0.990865  0.987546  0.989638   0.964492    0.989253            0.987182\n",
        "ucrss_wfilter       0.984775  0.988868  0.958381  0.990865       1.000000  0.985185  0.988750   0.963320    0.987431            0.984912\n",
        "uc_fast             0.984090  0.987748  0.958510  0.987546       0.985185  1.000000  0.986204   0.960893    0.986490            0.985077\n",
        "ucr_fast            0.985665  0.987070  0.960640  0.989638       0.988750  0.986204  1.000000   0.964924    0.987977            0.988788\n",
        "ucrC_fast           0.961456  0.959910  0.990411  0.964492       0.963320  0.960893  0.964924   1.000000    0.957054            0.965236\n",
        "ucrss_fast          0.982975  0.987496  0.952869  0.989253       0.987431  0.986490  0.987977   0.957054    1.000000            0.986223\n",
        "ucrss_fast_wfilter  0.984321  0.985933  0.961033  0.987182       0.984912  0.985077  0.988788   0.965236    0.986223            1.000000\n",
        "\n",
        "[10 rows x 10 columns]"
       ]
      }
     ],
     "prompt_number": 48
    },
    {
     "cell_type": "code",
     "collapsed": false,
     "input": [
      "adiv_results[('88-soils', 'observed_species')]"
     ],
     "language": "python",
     "metadata": {},
     "outputs": [
      {
       "html": [
        "<div style=\"max-height:1000px;max-width:1500px;overflow:auto;\">\n",
        "<table border=\"1\" class=\"dataframe\">\n",
        "  <thead>\n",
        "    <tr style=\"text-align: right;\">\n",
        "      <th></th>\n",
        "      <th>uc</th>\n",
        "      <th>ucr</th>\n",
        "      <th>ucrC</th>\n",
        "      <th>ucrss</th>\n",
        "      <th>ucrss_wfilter</th>\n",
        "      <th>uc_fast</th>\n",
        "      <th>ucr_fast</th>\n",
        "      <th>ucrC_fast</th>\n",
        "      <th>ucrss_fast</th>\n",
        "      <th>ucrss_fast_wfilter</th>\n",
        "    </tr>\n",
        "  </thead>\n",
        "  <tbody>\n",
        "    <tr>\n",
        "      <th>uc</th>\n",
        "      <td> 1.000000</td>\n",
        "      <td> 0.947875</td>\n",
        "      <td> 0.879873</td>\n",
        "      <td> 0.909483</td>\n",
        "      <td> 0.924238</td>\n",
        "      <td> 0.935259</td>\n",
        "      <td> 0.933534</td>\n",
        "      <td> 0.876867</td>\n",
        "      <td> 0.924938</td>\n",
        "      <td> 0.912961</td>\n",
        "    </tr>\n",
        "    <tr>\n",
        "      <th>ucr</th>\n",
        "      <td> 0.947875</td>\n",
        "      <td> 1.000000</td>\n",
        "      <td> 0.904662</td>\n",
        "      <td> 0.946052</td>\n",
        "      <td> 0.947025</td>\n",
        "      <td> 0.947314</td>\n",
        "      <td> 0.952570</td>\n",
        "      <td> 0.902627</td>\n",
        "      <td> 0.938155</td>\n",
        "      <td> 0.932401</td>\n",
        "    </tr>\n",
        "    <tr>\n",
        "      <th>ucrC</th>\n",
        "      <td> 0.879873</td>\n",
        "      <td> 0.904662</td>\n",
        "      <td> 1.000000</td>\n",
        "      <td> 0.925964</td>\n",
        "      <td> 0.888274</td>\n",
        "      <td> 0.882334</td>\n",
        "      <td> 0.907653</td>\n",
        "      <td> 0.972994</td>\n",
        "      <td> 0.910432</td>\n",
        "      <td> 0.895664</td>\n",
        "    </tr>\n",
        "    <tr>\n",
        "      <th>ucrss</th>\n",
        "      <td> 0.909483</td>\n",
        "      <td> 0.946052</td>\n",
        "      <td> 0.925964</td>\n",
        "      <td> 1.000000</td>\n",
        "      <td> 0.931844</td>\n",
        "      <td> 0.923371</td>\n",
        "      <td> 0.934916</td>\n",
        "      <td> 0.915025</td>\n",
        "      <td> 0.930894</td>\n",
        "      <td> 0.928529</td>\n",
        "    </tr>\n",
        "    <tr>\n",
        "      <th>ucrss_wfilter</th>\n",
        "      <td> 0.924238</td>\n",
        "      <td> 0.947025</td>\n",
        "      <td> 0.888274</td>\n",
        "      <td> 0.931844</td>\n",
        "      <td> 1.000000</td>\n",
        "      <td> 0.943087</td>\n",
        "      <td> 0.946177</td>\n",
        "      <td> 0.884305</td>\n",
        "      <td> 0.932178</td>\n",
        "      <td> 0.926691</td>\n",
        "    </tr>\n",
        "    <tr>\n",
        "      <th>uc_fast</th>\n",
        "      <td> 0.935259</td>\n",
        "      <td> 0.947314</td>\n",
        "      <td> 0.882334</td>\n",
        "      <td> 0.923371</td>\n",
        "      <td> 0.943087</td>\n",
        "      <td> 1.000000</td>\n",
        "      <td> 0.942244</td>\n",
        "      <td> 0.882958</td>\n",
        "      <td> 0.940951</td>\n",
        "      <td> 0.939832</td>\n",
        "    </tr>\n",
        "    <tr>\n",
        "      <th>ucr_fast</th>\n",
        "      <td> 0.933534</td>\n",
        "      <td> 0.952570</td>\n",
        "      <td> 0.907653</td>\n",
        "      <td> 0.934916</td>\n",
        "      <td> 0.946177</td>\n",
        "      <td> 0.942244</td>\n",
        "      <td> 1.000000</td>\n",
        "      <td> 0.908362</td>\n",
        "      <td> 0.942923</td>\n",
        "      <td> 0.931863</td>\n",
        "    </tr>\n",
        "    <tr>\n",
        "      <th>ucrC_fast</th>\n",
        "      <td> 0.876867</td>\n",
        "      <td> 0.902627</td>\n",
        "      <td> 0.972994</td>\n",
        "      <td> 0.915025</td>\n",
        "      <td> 0.884305</td>\n",
        "      <td> 0.882958</td>\n",
        "      <td> 0.908362</td>\n",
        "      <td> 1.000000</td>\n",
        "      <td> 0.904095</td>\n",
        "      <td> 0.905611</td>\n",
        "    </tr>\n",
        "    <tr>\n",
        "      <th>ucrss_fast</th>\n",
        "      <td> 0.924938</td>\n",
        "      <td> 0.938155</td>\n",
        "      <td> 0.910432</td>\n",
        "      <td> 0.930894</td>\n",
        "      <td> 0.932178</td>\n",
        "      <td> 0.940951</td>\n",
        "      <td> 0.942923</td>\n",
        "      <td> 0.904095</td>\n",
        "      <td> 1.000000</td>\n",
        "      <td> 0.952921</td>\n",
        "    </tr>\n",
        "    <tr>\n",
        "      <th>ucrss_fast_wfilter</th>\n",
        "      <td> 0.912961</td>\n",
        "      <td> 0.932401</td>\n",
        "      <td> 0.895664</td>\n",
        "      <td> 0.928529</td>\n",
        "      <td> 0.926691</td>\n",
        "      <td> 0.939832</td>\n",
        "      <td> 0.931863</td>\n",
        "      <td> 0.905611</td>\n",
        "      <td> 0.952921</td>\n",
        "      <td> 1.000000</td>\n",
        "    </tr>\n",
        "  </tbody>\n",
        "</table>\n",
        "<p>10 rows \u00d7 10 columns</p>\n",
        "</div>"
       ],
       "metadata": {},
       "output_type": "pyout",
       "prompt_number": 50,
       "text": [
        "                          uc       ucr      ucrC     ucrss  ucrss_wfilter   uc_fast  ucr_fast  ucrC_fast  ucrss_fast  ucrss_fast_wfilter\n",
        "uc                  1.000000  0.947875  0.879873  0.909483       0.924238  0.935259  0.933534   0.876867    0.924938            0.912961\n",
        "ucr                 0.947875  1.000000  0.904662  0.946052       0.947025  0.947314  0.952570   0.902627    0.938155            0.932401\n",
        "ucrC                0.879873  0.904662  1.000000  0.925964       0.888274  0.882334  0.907653   0.972994    0.910432            0.895664\n",
        "ucrss               0.909483  0.946052  0.925964  1.000000       0.931844  0.923371  0.934916   0.915025    0.930894            0.928529\n",
        "ucrss_wfilter       0.924238  0.947025  0.888274  0.931844       1.000000  0.943087  0.946177   0.884305    0.932178            0.926691\n",
        "uc_fast             0.935259  0.947314  0.882334  0.923371       0.943087  1.000000  0.942244   0.882958    0.940951            0.939832\n",
        "ucr_fast            0.933534  0.952570  0.907653  0.934916       0.946177  0.942244  1.000000   0.908362    0.942923            0.931863\n",
        "ucrC_fast           0.876867  0.902627  0.972994  0.915025       0.884305  0.882958  0.908362   1.000000    0.904095            0.905611\n",
        "ucrss_fast          0.924938  0.938155  0.910432  0.930894       0.932178  0.940951  0.942923   0.904095    1.000000            0.952921\n",
        "ucrss_fast_wfilter  0.912961  0.932401  0.895664  0.928529       0.926691  0.939832  0.931863   0.905611    0.952921            1.000000\n",
        "\n",
        "[10 rows x 10 columns]"
       ]
      }
     ],
     "prompt_number": 50
    },
    {
     "cell_type": "code",
     "collapsed": false,
     "input": [
      "adiv_results[('moving-pictures', 'observed_species')]"
     ],
     "language": "python",
     "metadata": {},
     "outputs": [
      {
       "html": [
        "<div style=\"max-height:1000px;max-width:1500px;overflow:auto;\">\n",
        "<table border=\"1\" class=\"dataframe\">\n",
        "  <thead>\n",
        "    <tr style=\"text-align: right;\">\n",
        "      <th></th>\n",
        "      <th>uc</th>\n",
        "      <th>ucr</th>\n",
        "      <th>ucrC</th>\n",
        "      <th>ucrss</th>\n",
        "      <th>ucrss_wfilter</th>\n",
        "      <th>uc_fast</th>\n",
        "      <th>ucr_fast</th>\n",
        "      <th>ucrC_fast</th>\n",
        "      <th>ucrss_fast</th>\n",
        "      <th>ucrss_fast_wfilter</th>\n",
        "    </tr>\n",
        "  </thead>\n",
        "  <tbody>\n",
        "    <tr>\n",
        "      <th>uc</th>\n",
        "      <td> 1.000000</td>\n",
        "      <td> 0.992461</td>\n",
        "      <td> 0.983973</td>\n",
        "      <td> 0.992078</td>\n",
        "      <td> 0.992313</td>\n",
        "      <td> 0.988647</td>\n",
        "      <td> 0.990092</td>\n",
        "      <td> 0.978429</td>\n",
        "      <td> 0.989429</td>\n",
        "      <td> 0.989610</td>\n",
        "    </tr>\n",
        "    <tr>\n",
        "      <th>ucr</th>\n",
        "      <td> 0.992461</td>\n",
        "      <td> 1.000000</td>\n",
        "      <td> 0.994303</td>\n",
        "      <td> 0.998253</td>\n",
        "      <td> 0.998186</td>\n",
        "      <td> 0.991920</td>\n",
        "      <td> 0.996989</td>\n",
        "      <td> 0.990556</td>\n",
        "      <td> 0.996875</td>\n",
        "      <td> 0.997030</td>\n",
        "    </tr>\n",
        "    <tr>\n",
        "      <th>ucrC</th>\n",
        "      <td> 0.983973</td>\n",
        "      <td> 0.994303</td>\n",
        "      <td> 1.000000</td>\n",
        "      <td> 0.994695</td>\n",
        "      <td> 0.994748</td>\n",
        "      <td> 0.983908</td>\n",
        "      <td> 0.993300</td>\n",
        "      <td> 0.996874</td>\n",
        "      <td> 0.993777</td>\n",
        "      <td> 0.993611</td>\n",
        "    </tr>\n",
        "    <tr>\n",
        "      <th>ucrss</th>\n",
        "      <td> 0.992078</td>\n",
        "      <td> 0.998253</td>\n",
        "      <td> 0.994695</td>\n",
        "      <td> 1.000000</td>\n",
        "      <td> 0.998285</td>\n",
        "      <td> 0.991935</td>\n",
        "      <td> 0.997188</td>\n",
        "      <td> 0.991311</td>\n",
        "      <td> 0.997034</td>\n",
        "      <td> 0.997209</td>\n",
        "    </tr>\n",
        "    <tr>\n",
        "      <th>ucrss_wfilter</th>\n",
        "      <td> 0.992313</td>\n",
        "      <td> 0.998186</td>\n",
        "      <td> 0.994748</td>\n",
        "      <td> 0.998285</td>\n",
        "      <td> 1.000000</td>\n",
        "      <td> 0.991651</td>\n",
        "      <td> 0.997157</td>\n",
        "      <td> 0.991281</td>\n",
        "      <td> 0.996954</td>\n",
        "      <td> 0.997097</td>\n",
        "    </tr>\n",
        "    <tr>\n",
        "      <th>uc_fast</th>\n",
        "      <td> 0.988647</td>\n",
        "      <td> 0.991920</td>\n",
        "      <td> 0.983908</td>\n",
        "      <td> 0.991935</td>\n",
        "      <td> 0.991651</td>\n",
        "      <td> 1.000000</td>\n",
        "      <td> 0.992937</td>\n",
        "      <td> 0.980686</td>\n",
        "      <td> 0.991777</td>\n",
        "      <td> 0.991937</td>\n",
        "    </tr>\n",
        "    <tr>\n",
        "      <th>ucr_fast</th>\n",
        "      <td> 0.990092</td>\n",
        "      <td> 0.996989</td>\n",
        "      <td> 0.993300</td>\n",
        "      <td> 0.997188</td>\n",
        "      <td> 0.997157</td>\n",
        "      <td> 0.992937</td>\n",
        "      <td> 1.000000</td>\n",
        "      <td> 0.992169</td>\n",
        "      <td> 0.997906</td>\n",
        "      <td> 0.998061</td>\n",
        "    </tr>\n",
        "    <tr>\n",
        "      <th>ucrC_fast</th>\n",
        "      <td> 0.978429</td>\n",
        "      <td> 0.990556</td>\n",
        "      <td> 0.996874</td>\n",
        "      <td> 0.991311</td>\n",
        "      <td> 0.991281</td>\n",
        "      <td> 0.980686</td>\n",
        "      <td> 0.992169</td>\n",
        "      <td> 1.000000</td>\n",
        "      <td> 0.992683</td>\n",
        "      <td> 0.992397</td>\n",
        "    </tr>\n",
        "    <tr>\n",
        "      <th>ucrss_fast</th>\n",
        "      <td> 0.989429</td>\n",
        "      <td> 0.996875</td>\n",
        "      <td> 0.993777</td>\n",
        "      <td> 0.997034</td>\n",
        "      <td> 0.996954</td>\n",
        "      <td> 0.991777</td>\n",
        "      <td> 0.997906</td>\n",
        "      <td> 0.992683</td>\n",
        "      <td> 1.000000</td>\n",
        "      <td> 0.997988</td>\n",
        "    </tr>\n",
        "    <tr>\n",
        "      <th>ucrss_fast_wfilter</th>\n",
        "      <td> 0.989610</td>\n",
        "      <td> 0.997030</td>\n",
        "      <td> 0.993611</td>\n",
        "      <td> 0.997209</td>\n",
        "      <td> 0.997097</td>\n",
        "      <td> 0.991937</td>\n",
        "      <td> 0.998061</td>\n",
        "      <td> 0.992397</td>\n",
        "      <td> 0.997988</td>\n",
        "      <td> 1.000000</td>\n",
        "    </tr>\n",
        "  </tbody>\n",
        "</table>\n",
        "<p>10 rows \u00d7 10 columns</p>\n",
        "</div>"
       ],
       "metadata": {},
       "output_type": "pyout",
       "prompt_number": 51,
       "text": [
        "                          uc       ucr      ucrC     ucrss  ucrss_wfilter   uc_fast  ucr_fast  ucrC_fast  ucrss_fast  ucrss_fast_wfilter\n",
        "uc                  1.000000  0.992461  0.983973  0.992078       0.992313  0.988647  0.990092   0.978429    0.989429            0.989610\n",
        "ucr                 0.992461  1.000000  0.994303  0.998253       0.998186  0.991920  0.996989   0.990556    0.996875            0.997030\n",
        "ucrC                0.983973  0.994303  1.000000  0.994695       0.994748  0.983908  0.993300   0.996874    0.993777            0.993611\n",
        "ucrss               0.992078  0.998253  0.994695  1.000000       0.998285  0.991935  0.997188   0.991311    0.997034            0.997209\n",
        "ucrss_wfilter       0.992313  0.998186  0.994748  0.998285       1.000000  0.991651  0.997157   0.991281    0.996954            0.997097\n",
        "uc_fast             0.988647  0.991920  0.983908  0.991935       0.991651  1.000000  0.992937   0.980686    0.991777            0.991937\n",
        "ucr_fast            0.990092  0.996989  0.993300  0.997188       0.997157  0.992937  1.000000   0.992169    0.997906            0.998061\n",
        "ucrC_fast           0.978429  0.990556  0.996874  0.991311       0.991281  0.980686  0.992169   1.000000    0.992683            0.992397\n",
        "ucrss_fast          0.989429  0.996875  0.993777  0.997034       0.996954  0.991777  0.997906   0.992683    1.000000            0.997988\n",
        "ucrss_fast_wfilter  0.989610  0.997030  0.993611  0.997209       0.997097  0.991937  0.998061   0.992397    0.997988            1.000000\n",
        "\n",
        "[10 rows x 10 columns]"
       ]
      }
     ],
     "prompt_number": 51
    },
    {
     "cell_type": "code",
     "collapsed": false,
     "input": [
      "adiv_results[('whole-body', 'observed_species')]"
     ],
