{
 "metadata": {
  "name": ""
 },
 "nbformat": 3,
 "nbformat_minor": 0,
 "worksheets": [
  {
   "cells": [
    {
     "cell_type": "code",
     "collapsed": false,
     "input": [],
     "language": "python",
     "metadata": {},
     "outputs": []
    },
    {
     "cell_type": "code",
     "collapsed": false,
     "input": [
      "import pandas as pd\n",
      "from glob import glob\n",
      "\n",
      "pd.set_option('display.notebook_repr_html', True)"
     ],
     "language": "python",
     "metadata": {},
     "outputs": [],
     "prompt_number": 27
    },
    {
     "cell_type": "heading",
     "level": 2,
     "metadata": {},
     "source": [
      "Generate alpha diversity correlation tables"
     ]
    },
    {
     "cell_type": "code",
     "collapsed": false,
     "input": [
      "data_set_ids = ['88-soils', 'moving-pictures', 'whole-body']\n",
      "adiv_fp_sets = [glob('%s-otus/*/adiv*txt' % id_) for id_ in data_set_ids]\n",
      "results = []\n",
      "for data_set_id, adiv_fp_set in zip(data_set_ids, adiv_fp_sets):\n",
      "    df = None\n",
      "    for fp in adiv_fp_set:\n",
      "        run_id = fp.split('/')[1]\n",
      "        new_df = pd.DataFrame.from_csv(fp, sep='\\t')\n",
      "        new_df.columns = ['%s.%s' % (c.lower(), run_id) for c in new_df.columns]\n",
      "        if df is None:\n",
      "            df = new_df\n",
      "        else:\n",
      "            df = pd.merge(df, new_df,right_index=True,left_index=True)\n",
      "    # this loc-based indexing seems clunky - there must be a better way to \n",
      "    # do this in pandas (basically, select all columns where the name contains\n",
      "    # a string)\n",
      "    for metric in ['pd', 'observed_species']:\n",
      "        id_ = (data_set_id,metric)\n",
      "        corr_table = df.loc[:,[c for c in df.columns if metric in c]].corr()\n",
      "        corr_table.columns = [c.split('.')[1] for c in corr_table.columns]\n",
      "        corr_table.index = [c.split('.')[1] for c in corr_table.index]\n",
      "        corr_table.to_csv('adiv-corr-tables/%s-%s.csv' % id_)\n",
      "        results.append((id_, corr_table))"
     ],
     "language": "python",
     "metadata": {},
     "outputs": [],
     "prompt_number": 33
    },
    {
     "cell_type": "code",
     "collapsed": false,
     "input": [
      "for id_, corr_table in results:\n",
      "    print id_\n",
      "    print corr_table"
     ],
     "language": "python",
     "metadata": {},
     "outputs": [
      {
       "output_type": "stream",
       "stream": "stdout",
       "text": [
        "('88-soils', 'pd')\n",
        "                          uc   uc_fast       ucr  ucr_fast      ucrC  \\\n",
        "uc                  1.000000  0.955606  0.950810  0.936157  0.932749   \n",
        "uc_fast             0.955606  1.000000  0.945996  0.952704  0.905111   \n",
        "ucr                 0.950810  0.945996  1.000000  0.940277  0.902187   \n",
        "ucr_fast            0.936157  0.952704  0.940277  1.000000  0.914053   \n",
        "ucrC                0.932749  0.905111  0.902187  0.914053  1.000000   \n",
        "ucrC_fast           0.926662  0.898282  0.903199  0.914263  0.977595   \n",
        "ucrss               0.933510  0.944127  0.930701  0.935030  0.893631   \n",
        "ucrss_fast          0.947673  0.956454  0.952477  0.950392  0.902405   \n",
        "ucrss_fast_wfilter  0.946606  0.960493  0.943609  0.952351  0.910766   \n",
        "ucrss_wfilter       0.952565  0.951712  0.930193  0.933274  0.908745   \n",
        "\n",
        "                    ucrC_fast     ucrss  ucrss_fast  ucrss_fast_wfilter  \\\n",
        "uc                   0.926662  0.933510    0.947673            0.946606   \n",
        "uc_fast              0.898282  0.944127    0.956454            0.960493   \n",
        "ucr                  0.903199  0.930701    0.952477            0.943609   \n",
        "ucr_fast             0.914263  0.935030    0.950392            0.952351   \n",
        "ucrC                 0.977595  0.893631    0.902405            0.910766   \n",
        "ucrC_fast            1.000000  0.893611    0.902216            0.902507   \n",
        "ucrss                0.893611  1.000000    0.947867            0.948666   \n",
        "ucrss_fast           0.902216  0.947867    1.000000            0.962338   \n",
        "ucrss_fast_wfilter   0.902507  0.948666    0.962338            1.000000   \n",
        "ucrss_wfilter        0.902546  0.929412    0.930598            0.943046   \n",
        "\n",
        "                    ucrss_wfilter  \n",
        "uc                       0.952565  \n",
        "uc_fast                  0.951712  \n",
        "ucr                      0.930193  \n",
        "ucr_fast                 0.933274  \n",
        "ucrC                     0.908745  \n",
        "ucrC_fast                0.902546  \n",
        "ucrss                    0.929412  \n",
        "ucrss_fast               0.930598  \n",
        "ucrss_fast_wfilter       0.943046  \n",
        "ucrss_wfilter            1.000000  \n",
        "\n",
        "[10 rows x 10 columns]\n",
        "('88-soils', 'observed_species')\n",
        "                          uc   uc_fast       ucr  ucr_fast      ucrC  \\\n",
        "uc                  1.000000  0.935259  0.947875  0.933534  0.879873   \n",
        "uc_fast             0.935259  1.000000  0.947314  0.942244  0.882334   \n",
        "ucr                 0.947875  0.947314  1.000000  0.952570  0.904662   \n",
        "ucr_fast            0.933534  0.942244  0.952570  1.000000  0.907653   \n",
        "ucrC                0.879873  0.882334  0.904662  0.907653  1.000000   \n",
        "ucrC_fast           0.876867  0.882958  0.902627  0.908362  0.972994   \n",
        "ucrss               0.909483  0.923371  0.946052  0.934916  0.925964   \n",
        "ucrss_fast          0.924938  0.940951  0.938155  0.942923  0.910432   \n",
        "ucrss_fast_wfilter  0.912961  0.939832  0.932401  0.931863  0.895664   \n",
        "ucrss_wfilter       0.924238  0.943087  0.947025  0.946177  0.888274   \n",
        "\n",
        "                    ucrC_fast     ucrss  ucrss_fast  ucrss_fast_wfilter  \\\n",
        "uc                   0.876867  0.909483    0.924938            0.912961   \n",
        "uc_fast              0.882958  0.923371    0.940951            0.939832   \n",
        "ucr                  0.902627  0.946052    0.938155            0.932401   \n",
        "ucr_fast             0.908362  0.934916    0.942923            0.931863   \n",
        "ucrC                 0.972994  0.925964    0.910432            0.895664   \n",
        "ucrC_fast            1.000000  0.915025    0.904095            0.905611   \n",
        "ucrss                0.915025  1.000000    0.930894            0.928529   \n",
        "ucrss_fast           0.904095  0.930894    1.000000            0.952921   \n",
        "ucrss_fast_wfilter   0.905611  0.928529    0.952921            1.000000   \n",
        "ucrss_wfilter        0.884305  0.931844    0.932178            0.926691   \n",
        "\n",
        "                    ucrss_wfilter  \n",
        "uc                       0.924238  \n",
        "uc_fast                  0.943087  \n",
        "ucr                      0.947025  \n",
        "ucr_fast                 0.946177  \n",
        "ucrC                     0.888274  \n",
        "ucrC_fast                0.884305  \n",
        "ucrss                    0.931844  \n",
        "ucrss_fast               0.932178  \n",
        "ucrss_fast_wfilter       0.926691  \n",
        "ucrss_wfilter            1.000000  \n",
        "\n",
        "[10 rows x 10 columns]\n",
        "('moving-pictures', 'pd')\n",
        "                          uc   uc_fast       ucr  ucr_fast      ucrC  \\\n",
        "uc                  1.000000  0.994955  0.995736  0.995661  0.992960   \n",
        "uc_fast             0.994955  1.000000  0.995112  0.996530  0.994132   \n",
        "ucr                 0.995736  0.995112  1.000000  0.995891  0.992644   \n",
        "ucr_fast            0.995661  0.996530  0.995891  1.000000  0.993919   \n",
        "ucrC                0.992960  0.994132  0.992644  0.993919  1.000000   \n",
        "ucrC_fast           0.992341  0.994057  0.992371  0.993591  0.997675   \n",
        "ucrss               0.995918  0.996035  0.996527  0.996789  0.994053   \n",
        "ucrss_fast          0.995695  0.996510  0.995859  0.996812  0.994638   \n",
        "ucrss_fast_wfilter  0.995864  0.996299  0.996714  0.996927  0.994202   \n",
        "ucrss_wfilter       0.995596  0.994251  0.997235  0.995429  0.991472   \n",
        "\n",
        "                    ucrC_fast     ucrss  ucrss_fast  ucrss_fast_wfilter  \\\n",
        "uc                   0.992341  0.995918    0.995695            0.995864   \n",
        "uc_fast              0.994057  0.996035    0.996510            0.996299   \n",
        "ucr                  0.992371  0.996527    0.995859            0.996714   \n",
        "ucr_fast             0.993591  0.996789    0.996812            0.996927   \n",
        "ucrC                 0.997675  0.994053    0.994638            0.994202   \n",
        "ucrC_fast            1.000000  0.993736    0.994279            0.993998   \n",
        "ucrss                0.993736  1.000000    0.996859            0.997034   \n",
        "ucrss_fast           0.994279  0.996859    1.000000            0.996822   \n",
        "ucrss_fast_wfilter   0.993998  0.997034    0.996822            1.000000   \n",
        "ucrss_wfilter        0.991241  0.996130    0.995604            0.996436   \n",
        "\n",
        "                    ucrss_wfilter  \n",
        "uc                       0.995596  \n",
        "uc_fast                  0.994251  \n",
        "ucr                      0.997235  \n",
        "ucr_fast                 0.995429  \n",
        "ucrC                     0.991472  \n",
        "ucrC_fast                0.991241  \n",
        "ucrss                    0.996130  \n",
        "ucrss_fast               0.995604  \n",
        "ucrss_fast_wfilter       0.996436  \n",
        "ucrss_wfilter            1.000000  \n",
        "\n",
        "[10 rows x 10 columns]\n",
        "('moving-pictures', 'observed_species')\n",
        "                          uc   uc_fast       ucr  ucr_fast      ucrC  \\\n",
        "uc                  1.000000  0.988647  0.992461  0.990092  0.983973   \n",
        "uc_fast             0.988647  1.000000  0.991920  0.992937  0.983908   \n",
        "ucr                 0.992461  0.991920  1.000000  0.996989  0.994303   \n",
        "ucr_fast            0.990092  0.992937  0.996989  1.000000  0.993300   \n",
        "ucrC                0.983973  0.983908  0.994303  0.993300  1.000000   \n",
        "ucrC_fast           0.978429  0.980686  0.990556  0.992169  0.996874   \n",
        "ucrss               0.992078  0.991935  0.998253  0.997188  0.994695   \n",
        "ucrss_fast          0.989429  0.991777  0.996875  0.997906  0.993777   \n",
        "ucrss_fast_wfilter  0.989610  0.991937  0.997030  0.998061  0.993611   \n",
        "ucrss_wfilter       0.992313  0.991651  0.998186  0.997157  0.994748   \n",
        "\n",
        "                    ucrC_fast     ucrss  ucrss_fast  ucrss_fast_wfilter  \\\n",
        "uc                   0.978429  0.992078    0.989429            0.989610   \n",
        "uc_fast              0.980686  0.991935    0.991777            0.991937   \n",
        "ucr                  0.990556  0.998253    0.996875            0.997030   \n",
        "ucr_fast             0.992169  0.997188    0.997906            0.998061   \n",
        "ucrC                 0.996874  0.994695    0.993777            0.993611   \n",
        "ucrC_fast            1.000000  0.991311    0.992683            0.992397   \n",
        "ucrss                0.991311  1.000000    0.997034            0.997209   \n",
        "ucrss_fast           0.992683  0.997034    1.000000            0.997988   \n",
        "ucrss_fast_wfilter   0.992397  0.997209    0.997988            1.000000   \n",
        "ucrss_wfilter        0.991281  0.998285    0.996954            0.997097   \n",
        "\n",
        "                    ucrss_wfilter  \n",
        "uc                       0.992313  \n",
        "uc_fast                  0.991651  \n",
        "ucr                      0.998186  \n",
        "ucr_fast                 0.997157  \n",
        "ucrC                     0.994748  \n",
        "ucrC_fast                0.991281  \n",
        "ucrss                    0.998285  \n",
        "ucrss_fast               0.996954  \n",
        "ucrss_fast_wfilter       0.997097  \n",
        "ucrss_wfilter            1.000000  \n",
        "\n",
        "[10 rows x 10 columns]\n",
        "('whole-body', 'pd')\n",
        "                          uc   uc_fast       ucr  ucr_fast      ucrC  \\\n",
        "uc                  1.000000  0.984090  0.985137  0.985665  0.957040   \n",
        "uc_fast             0.984090  1.000000  0.987748  0.986204  0.958510   \n",
        "ucr                 0.985137  0.987748  1.000000  0.987070  0.955564   \n",
        "ucr_fast            0.985665  0.986204  0.987070  1.000000  0.960640   \n",
        "ucrC                0.957040  0.958510  0.955564  0.960640  1.000000   \n",
        "ucrC_fast           0.961456  0.960893  0.959910  0.964924  0.990411   \n",
        "ucrss               0.984981  0.987546  0.989950  0.989638  0.961397   \n",
        "ucrss_fast          0.982975  0.986490  0.987496  0.987977  0.952869   \n",
        "ucrss_fast_wfilter  0.984321  0.985077  0.985933  0.988788  0.961033   \n",
        "ucrss_wfilter       0.984775  0.985185  0.988868  0.988750  0.958381   \n",
        "\n",
        "                    ucrC_fast     ucrss  ucrss_fast  ucrss_fast_wfilter  \\\n",
        "uc                   0.961456  0.984981    0.982975            0.984321   \n",
        "uc_fast              0.960893  0.987546    0.986490            0.985077   \n",
        "ucr                  0.959910  0.989950    0.987496            0.985933   \n",
        "ucr_fast             0.964924  0.989638    0.987977            0.988788   \n",
        "ucrC                 0.990411  0.961397    0.952869            0.961033   \n",
        "ucrC_fast            1.000000  0.964492    0.957054            0.965236   \n",
        "ucrss                0.964492  1.000000    0.989253            0.987182   \n",
        "ucrss_fast           0.957054  0.989253    1.000000            0.986223   \n",
        "ucrss_fast_wfilter   0.965236  0.987182    0.986223            1.000000   \n",
        "ucrss_wfilter        0.963320  0.990865    0.987431            0.984912   \n",
        "\n",
        "                    ucrss_wfilter  \n",
        "uc                       0.984775  \n",
        "uc_fast                  0.985185  \n",
        "ucr                      0.988868  \n",
        "ucr_fast                 0.988750  \n",
        "ucrC                     0.958381  \n",
        "ucrC_fast                0.963320  \n",
        "ucrss                    0.990865  \n",
        "ucrss_fast               0.987431  \n",
        "ucrss_fast_wfilter       0.984912  \n",
        "ucrss_wfilter            1.000000  \n",
        "\n",
        "[10 rows x 10 columns]"
       ]
      },
      {
       "output_type": "stream",
       "stream": "stdout",
       "text": [
        "\n",
        "('whole-body', 'observed_species')\n",
        "                          uc   uc_fast       ucr  ucr_fast      ucrC  \\\n",
        "uc                  1.000000  0.992712  0.986013  0.987933  0.970654   \n",
        "uc_fast             0.992712  1.000000  0.986973  0.988851  0.970210   \n",
        "ucr                 0.986013  0.986973  1.000000  0.992700  0.983916   \n",
        "ucr_fast            0.987933  0.988851  0.992700  1.000000  0.980584   \n",
        "ucrC                0.970654  0.970210  0.983916  0.980584  1.000000   \n",
        "ucrC_fast           0.971591  0.971697  0.979658  0.981125  0.992099   \n",
        "ucrss               0.986054  0.986947  0.995433  0.992549  0.984706   \n",
        "ucrss_fast          0.988239  0.989586  0.992898  0.994334  0.980124   \n",
        "ucrss_fast_wfilter  0.987425  0.988207  0.992813  0.994478  0.979129   \n",
        "ucrss_wfilter       0.986288  0.986130  0.995315  0.992597  0.983561   \n",
        "\n",
        "                    ucrC_fast     ucrss  ucrss_fast  ucrss_fast_wfilter  \\\n",
        "uc                   0.971591  0.986054    0.988239            0.987425   \n",
        "uc_fast              0.971697  0.986947    0.989586            0.988207   \n",
        "ucr                  0.979658  0.995433    0.992898            0.992813   \n",
        "ucr_fast             0.981125  0.992549    0.994334            0.994478   \n",
        "ucrC                 0.992099  0.984706    0.980124            0.979129   \n",
        "ucrC_fast            1.000000  0.980568    0.981586            0.979289   \n",
        "ucrss                0.980568  1.000000    0.992644            0.992455   \n",
        "ucrss_fast           0.981586  0.992644    1.000000            0.994629   \n",
        "ucrss_fast_wfilter   0.979289  0.992455    0.994629            1.000000   \n",
        "ucrss_wfilter        0.979232  0.995365    0.991829            0.992433   \n",
        "\n",
        "                    ucrss_wfilter  \n",
        "uc                       0.986288  \n",
        "uc_fast                  0.986130  \n",
        "ucr                      0.995315  \n",
        "ucr_fast                 0.992597  \n",
        "ucrC                     0.983561  \n",
        "ucrC_fast                0.979232  \n",
        "ucrss                    0.995365  \n",
        "ucrss_fast               0.991829  \n",
        "ucrss_fast_wfilter       0.992433  \n",
        "ucrss_wfilter            1.000000  \n",
        "\n",
        "[10 rows x 10 columns]\n"
       ]
      }
     ],
     "prompt_number": 35
    },
    {
     "cell_type": "code",
     "collapsed": false,
     "input": [],
     "language": "python",
     "metadata": {},
     "outputs": []
    }
   ],
   "metadata": {}
  }
 ]
}